(kicad_pcb (version 20171130) (host pcbnew 5.0.2-bee76a0~70~ubuntu16.04.1)

  (general
    (thickness 1.6)
    (drawings 27)
    (tracks 956)
    (zones 0)
    (modules 55)
    (nets 55)
  )

  (page A4)
  (title_block
    (title "Programmable Light")
    (date 2019-03-17)
    (rev 1.1.0)
    (company "Dilshan R Jayakody")
    (comment 1 jayakody2000lk@gmail.com)
    (comment 2 jayakody.info)
    (comment 3 "This work is released under the Creative Commons Attribution 4.0 International.")
  )

  (layers
    (0 F.Cu signal)
    (31 B.Cu signal)
    (32 B.Adhes user)
    (33 F.Adhes user)
    (34 B.Paste user)
    (35 F.Paste user)
    (36 B.SilkS user)
    (37 F.SilkS user)
    (38 B.Mask user)
    (39 F.Mask user)
    (40 Dwgs.User user)
    (41 Cmts.User user)
    (42 Eco1.User user)
    (43 Eco2.User user)
    (44 Edge.Cuts user)
    (45 Margin user)
    (46 B.CrtYd user)
    (47 F.CrtYd user)
    (48 B.Fab user)
    (49 F.Fab user)
  )

  (setup
    (last_trace_width 0.25)
    (trace_clearance 0.2)
    (zone_clearance 0.508)
    (zone_45_only no)
    (trace_min 0.2)
    (segment_width 0.2)
    (edge_width 0.15)
    (via_size 0.8)
    (via_drill 0.4)
    (via_min_size 0.4)
    (via_min_drill 0.3)
    (uvia_size 0.3)
    (uvia_drill 0.1)
    (uvias_allowed no)
    (uvia_min_size 0.2)
    (uvia_min_drill 0.1)
    (pcb_text_width 0.3)
    (pcb_text_size 1.5 1.5)
    (mod_edge_width 0.15)
    (mod_text_size 1 1)
    (mod_text_width 0.15)
    (pad_size 1.524 1.524)
    (pad_drill 0.762)
    (pad_to_mask_clearance 0.051)
    (solder_mask_min_width 0.25)
    (aux_axis_origin 0 0)
    (visible_elements FFFFF6FF)
    (pcbplotparams
      (layerselection 0x010fc_ffffffff)
      (usegerberextensions false)
      (usegerberattributes false)
      (usegerberadvancedattributes false)
      (creategerberjobfile false)
      (excludeedgelayer true)
      (linewidth 0.100000)
      (plotframeref false)
      (viasonmask false)
      (mode 1)
      (useauxorigin false)
      (hpglpennumber 1)
      (hpglpenspeed 20)
      (hpglpendiameter 15.000000)
      (psnegative false)
      (psa4output false)
      (plotreference true)
      (plotvalue true)
      (plotinvisibletext false)
      (padsonsilk false)
      (subtractmaskfromsilk false)
      (outputformat 1)
      (mirror false)
      (drillshape 0)
      (scaleselection 1)
      (outputdirectory "GBR/"))
  )

  (net 0 "")
  (net 1 GND)
  (net 2 "Net-(BT1-Pad1)")
  (net 3 "Net-(C1-Pad1)")
  (net 4 "Net-(C2-Pad1)")
  (net 5 +24V)
  (net 6 "Net-(C4-Pad1)")
  (net 7 +5V)
  (net 8 "Net-(D1-Pad1)")
  (net 9 "Net-(D2-Pad2)")
  (net 10 PB4)
  (net 11 PB5)
  (net 12 PB3)
  (net 13 RESET)
  (net 14 "Net-(J2-Pad2)")
  (net 15 "Net-(JP1-Pad2)")
  (net 16 SEG1)
  (net 17 SEG2)
  (net 18 SEG3)
  (net 19 SEG4)
  (net 20 "Net-(Q5-Pad3)")
  (net 21 "Net-(Q5-Pad1)")
  (net 22 "Net-(R1-Pad2)")
  (net 23 SSD1)
  (net 24 "Net-(R2-Pad2)")
  (net 25 SSD2)
  (net 26 "Net-(R3-Pad2)")
  (net 27 SSD3)
  (net 28 "Net-(R4-Pad2)")
  (net 29 SSD4)
  (net 30 SSD5)
  (net 31 "Net-(R5-Pad2)")
  (net 32 "Net-(R6-Pad2)")
  (net 33 SSD6)
  (net 34 SSD7)
  (net 35 "Net-(R7-Pad2)")
  (net 36 SSD8)
  (net 37 "Net-(R8-Pad2)")
  (net 38 "Net-(R9-Pad2)")
  (net 39 "Net-(R10-Pad2)")
  (net 40 "Net-(R11-Pad2)")
  (net 41 "Net-(R12-Pad2)")
  (net 42 "Net-(R13-Pad1)")
  (net 43 "Net-(R14-Pad2)")
  (net 44 SCL)
  (net 45 SDA)
  (net 46 "Net-(U2-Pad2)")
  (net 47 "Net-(U2-Pad1)")
  (net 48 SSD-S1)
  (net 49 SSD-S2)
  (net 50 SSD-S3)
  (net 51 SSD-S4)
  (net 52 INPUT1)
  (net 53 INPUT2)
  (net 54 INPUT3)

  (net_class Default "This is the default net class."
    (clearance 0.2)
    (trace_width 0.25)
    (via_dia 0.8)
    (via_drill 0.4)
    (uvia_dia 0.3)
    (uvia_drill 0.1)
    (add_net +5V)
    (add_net INPUT1)
    (add_net INPUT2)
    (add_net INPUT3)
    (add_net "Net-(BT1-Pad1)")
    (add_net "Net-(C1-Pad1)")
    (add_net "Net-(C2-Pad1)")
    (add_net "Net-(C4-Pad1)")
    (add_net "Net-(D1-Pad1)")
    (add_net "Net-(D2-Pad2)")
    (add_net "Net-(JP1-Pad2)")
    (add_net "Net-(R1-Pad2)")
    (add_net "Net-(R10-Pad2)")
    (add_net "Net-(R11-Pad2)")
    (add_net "Net-(R12-Pad2)")
    (add_net "Net-(R13-Pad1)")
    (add_net "Net-(R14-Pad2)")
    (add_net "Net-(R2-Pad2)")
    (add_net "Net-(R3-Pad2)")
    (add_net "Net-(R4-Pad2)")
    (add_net "Net-(R5-Pad2)")
    (add_net "Net-(R6-Pad2)")
    (add_net "Net-(R7-Pad2)")
    (add_net "Net-(R8-Pad2)")
    (add_net "Net-(R9-Pad2)")
    (add_net "Net-(U2-Pad1)")
    (add_net "Net-(U2-Pad2)")
    (add_net PB3)
    (add_net PB4)
    (add_net PB5)
    (add_net RESET)
    (add_net SCL)
    (add_net SDA)
    (add_net SEG1)
    (add_net SEG2)
    (add_net SEG3)
    (add_net SEG4)
    (add_net SSD-S1)
    (add_net SSD-S2)
    (add_net SSD-S3)
    (add_net SSD-S4)
    (add_net SSD1)
    (add_net SSD2)
    (add_net SSD3)
    (add_net SSD4)
    (add_net SSD5)
    (add_net SSD6)
    (add_net SSD7)
    (add_net SSD8)
  )

  (net_class CURRENT ""
    (clearance 0.2)
    (trace_width 0.7)
    (via_dia 0.8)
    (via_drill 0.4)
    (uvia_dia 0.3)
    (uvia_drill 0.1)
    (add_net "Net-(Q5-Pad1)")
    (add_net "Net-(Q5-Pad3)")
  )

  (net_class PWR ""
    (clearance 0.2)
    (trace_width 1)
    (via_dia 0.8)
    (via_drill 0.4)
    (uvia_dia 0.3)
    (uvia_drill 0.1)
    (add_net +24V)
    (add_net GND)
    (add_net "Net-(J2-Pad2)")
  )

  (module MountingHole:MountingHole_2.2mm_M2 (layer F.Cu) (tedit 5C636B8D) (tstamp 5C6F9469)
    (at 118 128.8)
    (descr "Mounting Hole 2.2mm, no annular, M2")
    (tags "mounting hole 2.2mm no annular m2")
    (attr virtual)
    (fp_text reference B3 (at 0 -3.2) (layer F.SilkS)
      (effects (font (size 1 1) (thickness 0.15)))
    )
    (fp_text value M2-1 (at 0 3.2) (layer F.Fab)
      (effects (font (size 1 1) (thickness 0.15)))
    )
    (fp_text user %R (at 0.3 0) (layer F.Fab)
      (effects (font (size 1 1) (thickness 0.15)))
    )
    (fp_circle (center 0 0) (end 2.2 0) (layer Cmts.User) (width 0.15))
    (fp_circle (center 0 0) (end 2.45 0) (layer F.CrtYd) (width 0.05))
    (pad 1 np_thru_hole circle (at 0 0) (size 2.2 2.2) (drill 2.2) (layers *.Cu *.Mask))
  )

  (module MountingHole:MountingHole_2.2mm_M2 (layer F.Cu) (tedit 5C636AFD) (tstamp 5C6F92BD)
    (at 164.4 55.4)
    (descr "Mounting Hole 2.2mm, no annular, M2")
    (tags "mounting hole 2.2mm no annular m2")
    (attr virtual)
    (fp_text reference B1 (at 0.2 3.8) (layer F.SilkS)
      (effects (font (size 1 1) (thickness 0.15)))
    )
    (fp_text value M2-1 (at 0 3.2) (layer F.Fab)
      (effects (font (size 1 1) (thickness 0.15)))
    )
    (fp_text user %R (at 0.3 0) (layer F.Fab)
      (effects (font (size 1 1) (thickness 0.15)))
    )
    (fp_circle (center 0 0) (end 2.2 0) (layer Cmts.User) (width 0.15))
    (fp_circle (center 0 0) (end 2.45 0) (layer F.CrtYd) (width 0.05))
    (pad 1 np_thru_hole circle (at 0 0) (size 2.2 2.2) (drill 2.2) (layers *.Cu *.Mask))
  )

  (module Display_7Segment:CA56-12CGKWA (layer F.Cu) (tedit 5A02FE84) (tstamp 5C6E5555)
    (at 139.135 84.825)
    (descr "4 digit 7 segment green LED, http://www.kingbright.com/attachments/file/psearch/000/00/00/CA56-12CGKWA(Ver.9A).pdf")
    (tags "4 digit 7 segment green LED")
    (path /5C61E3FE)
    (fp_text reference U4 (at -0.44 -20.15) (layer F.SilkS)
      (effects (font (size 1 1) (thickness 0.15)))
    )
    (fp_text value SSD-COM-CAT (at 3.5 32.92) (layer F.Fab)
      (effects (font (size 1 1) (thickness 0.15)))
    )
    (fp_line (start -2 -18.92) (end 17.24 -18.92) (layer F.SilkS) (width 0.12))
    (fp_line (start -2 -18.92) (end -2 31.62) (layer F.SilkS) (width 0.12))
    (fp_line (start -2 31.62) (end 17.24 31.62) (layer F.SilkS) (width 0.12))
    (fp_line (start 17.24 31.62) (end 17.24 -18.92) (layer F.SilkS) (width 0.12))
    (fp_line (start -1.88 1) (end -0.88 0) (layer F.Fab) (width 0.1))
    (fp_line (start -0.88 0) (end -1.88 -1) (layer F.Fab) (width 0.1))
    (fp_line (start -1.88 -1) (end -1.88 -18.8) (layer F.Fab) (width 0.1))
    (fp_line (start -2.13 -19.05) (end 17.37 -19.05) (layer F.CrtYd) (width 0.05))
    (fp_line (start 17.37 -19.05) (end 17.37 31.75) (layer F.CrtYd) (width 0.05))
    (fp_line (start 17.37 31.75) (end -2.13 31.75) (layer F.CrtYd) (width 0.05))
    (fp_line (start -2.13 31.75) (end -2.13 -19.05) (layer F.CrtYd) (width 0.05))
    (fp_line (start -2.25 -1) (end -2.25 1) (layer F.SilkS) (width 0.12))
    (fp_line (start -1.88 -18.8) (end 17.12 -18.8) (layer F.Fab) (width 0.1))
    (fp_line (start 17.12 -18.8) (end 17.12 31.5) (layer F.Fab) (width 0.1))
    (fp_line (start -1.88 31.5) (end 17.12 31.5) (layer F.Fab) (width 0.1))
    (fp_line (start -1.88 1) (end -1.88 31.5) (layer F.Fab) (width 0.1))
    (fp_text user %R (at 8.128 6.604) (layer F.Fab)
      (effects (font (size 1 1) (thickness 0.15)))
    )
    (pad 1 thru_hole rect (at 0 0) (size 1.5 1.5) (drill 1) (layers *.Cu *.Mask)
      (net 30 SSD5))
    (pad 2 thru_hole circle (at 0 2.54) (size 1.5 1.5) (drill 1) (layers *.Cu *.Mask)
      (net 29 SSD4))
    (pad 3 thru_hole circle (at 0 5.08) (size 1.5 1.5) (drill 1) (layers *.Cu *.Mask)
      (net 36 SSD8))
    (pad 4 thru_hole circle (at 0 7.62) (size 1.5 1.5) (drill 1) (layers *.Cu *.Mask)
      (net 27 SSD3))
    (pad 5 thru_hole circle (at 0 10.16) (size 1.5 1.5) (drill 1) (layers *.Cu *.Mask)
      (net 34 SSD7))
    (pad 6 thru_hole circle (at 0 12.7) (size 1.5 1.5) (drill 1) (layers *.Cu *.Mask)
      (net 51 SSD-S4))
    (pad 7 thru_hole circle (at 15.24 12.7) (size 1.5 1.5) (drill 1) (layers *.Cu *.Mask)
      (net 25 SSD2))
    (pad 8 thru_hole circle (at 15.24 10.16) (size 1.5 1.5) (drill 1) (layers *.Cu *.Mask)
      (net 50 SSD-S3))
    (pad 9 thru_hole circle (at 15.24 7.62) (size 1.5 1.5) (drill 1) (layers *.Cu *.Mask)
      (net 49 SSD-S2))
    (pad 10 thru_hole circle (at 15.24 5.08) (size 1.5 1.5) (drill 1) (layers *.Cu *.Mask)
      (net 33 SSD6))
    (pad 11 thru_hole circle (at 15.24 2.54) (size 1.5 1.5) (drill 1) (layers *.Cu *.Mask)
      (net 23 SSD1))
    (pad 12 thru_hole circle (at 15.24 0) (size 1.5 1.5) (drill 1) (layers *.Cu *.Mask)
      (net 48 SSD-S1))
    (model ${KISYS3DMOD}/Display_7Segment.3dshapes/CA56-12CGKWA.wrl
      (at (xyz 0 0 0))
      (scale (xyz 1 1 1))
      (rotate (xyz 0 0 0))
    )
  )

  (module Connector_BarrelJack:BarrelJack_Horizontal (layer B.Cu) (tedit 5A1DBF6A) (tstamp 5C6E2D0D)
    (at 126.308 117.464 90)
    (descr "DC Barrel Jack")
    (tags "Power Jack")
    (path /5C674609)
    (fp_text reference J3 (at -8.45 -5.75 90) (layer B.SilkS)
      (effects (font (size 1 1) (thickness 0.15)) (justify mirror))
    )
    (fp_text value DC-24V-IN (at -6.2 5.5 90) (layer B.Fab)
      (effects (font (size 1 1) (thickness 0.15)) (justify mirror))
    )
    (fp_text user %R (at -3 2.95 90) (layer B.Fab)
      (effects (font (size 1 1) (thickness 0.15)) (justify mirror))
    )
    (fp_line (start -0.003213 4.505425) (end 0.8 3.75) (layer B.Fab) (width 0.1))
    (fp_line (start 1.1 3.75) (end 1.1 4.8) (layer B.SilkS) (width 0.12))
    (fp_line (start 0.05 4.8) (end 1.1 4.8) (layer B.SilkS) (width 0.12))
    (fp_line (start 1 4.5) (end 1 4.75) (layer B.CrtYd) (width 0.05))
    (fp_line (start 1 4.75) (end -14 4.75) (layer B.CrtYd) (width 0.05))
    (fp_line (start 1 4.5) (end 1 2) (layer B.CrtYd) (width 0.05))
    (fp_line (start 1 2) (end 2 2) (layer B.CrtYd) (width 0.05))
    (fp_line (start 2 2) (end 2 -2) (layer B.CrtYd) (width 0.05))
    (fp_line (start 2 -2) (end 1 -2) (layer B.CrtYd) (width 0.05))
    (fp_line (start 1 -2) (end 1 -4.75) (layer B.CrtYd) (width 0.05))
    (fp_line (start 1 -4.75) (end -1 -4.75) (layer B.CrtYd) (width 0.05))
    (fp_line (start -1 -4.75) (end -1 -6.75) (layer B.CrtYd) (width 0.05))
    (fp_line (start -1 -6.75) (end -5 -6.75) (layer B.CrtYd) (width 0.05))
    (fp_line (start -5 -6.75) (end -5 -4.75) (layer B.CrtYd) (width 0.05))
    (fp_line (start -5 -4.75) (end -14 -4.75) (layer B.CrtYd) (width 0.05))
    (fp_line (start -14 -4.75) (end -14 4.75) (layer B.CrtYd) (width 0.05))
    (fp_line (start -5 -4.6) (end -13.8 -4.6) (layer B.SilkS) (width 0.12))
    (fp_line (start -13.8 -4.6) (end -13.8 4.6) (layer B.SilkS) (width 0.12))
    (fp_line (start 0.9 -1.9) (end 0.9 -4.6) (layer B.SilkS) (width 0.12))
    (fp_line (start 0.9 -4.6) (end -1 -4.6) (layer B.SilkS) (width 0.12))
    (fp_line (start -13.8 4.6) (end 0.9 4.6) (layer B.SilkS) (width 0.12))
    (fp_line (start 0.9 4.6) (end 0.9 2) (layer B.SilkS) (width 0.12))
    (fp_line (start -10.2 4.5) (end -10.2 -4.5) (layer B.Fab) (width 0.1))
    (fp_line (start -13.7 4.5) (end -13.7 -4.5) (layer B.Fab) (width 0.1))
    (fp_line (start -13.7 -4.5) (end 0.8 -4.5) (layer B.Fab) (width 0.1))
    (fp_line (start 0.8 -4.5) (end 0.8 3.75) (layer B.Fab) (width 0.1))
    (fp_line (start 0 4.5) (end -13.7 4.5) (layer B.Fab) (width 0.1))
    (pad 1 thru_hole rect (at 0 0 90) (size 3.5 3.5) (drill oval 1 3) (layers *.Cu *.Mask)
      (net 5 +24V))
    (pad 2 thru_hole roundrect (at -6 0 90) (size 3 3.5) (drill oval 1 3) (layers *.Cu *.Mask) (roundrect_rratio 0.25)
      (net 1 GND))
    (pad 3 thru_hole roundrect (at -3 -4.7 90) (size 3.5 3.5) (drill oval 3 1) (layers *.Cu *.Mask) (roundrect_rratio 0.25)
      (net 1 GND))
    (model ${KISYS3DMOD}/Connector_BarrelJack.3dshapes/BarrelJack_Horizontal.wrl
      (at (xyz 0 0 0))
      (scale (xyz 1 1 1))
      (rotate (xyz 0 0 0))
    )
  )

  (module Resistor_SMD:R_0805_2012Metric (layer F.Cu) (tedit 5B36C52B) (tstamp 5C6E2E4D)
    (at 145.612 104.3345 270)
    (descr "Resistor SMD 0805 (2012 Metric), square (rectangular) end terminal, IPC_7351 nominal, (Body size source: https://docs.google.com/spreadsheets/d/1BsfQQcO9C6DZCsRaXUlFlo91Tg2WpOkGARC1WS5S8t0/edit?usp=sharing), generated with kicad-footprint-generator")
    (tags resistor)
    (path /5C5D68A5)
    (attr smd)
    (fp_text reference R8 (at 0 -1.65 270) (layer F.SilkS)
      (effects (font (size 1 1) (thickness 0.15)))
    )
    (fp_text value 330R (at 0 1.65 270) (layer F.Fab)
      (effects (font (size 1 1) (thickness 0.15)))
    )
    (fp_line (start -1 0.6) (end -1 -0.6) (layer F.Fab) (width 0.1))
    (fp_line (start -1 -0.6) (end 1 -0.6) (layer F.Fab) (width 0.1))
    (fp_line (start 1 -0.6) (end 1 0.6) (layer F.Fab) (width 0.1))
    (fp_line (start 1 0.6) (end -1 0.6) (layer F.Fab) (width 0.1))
    (fp_line (start -0.258578 -0.71) (end 0.258578 -0.71) (layer F.SilkS) (width 0.12))
    (fp_line (start -0.258578 0.71) (end 0.258578 0.71) (layer F.SilkS) (width 0.12))
    (fp_line (start -1.68 0.95) (end -1.68 -0.95) (layer F.CrtYd) (width 0.05))
    (fp_line (start -1.68 -0.95) (end 1.68 -0.95) (layer F.CrtYd) (width 0.05))
    (fp_line (start 1.68 -0.95) (end 1.68 0.95) (layer F.CrtYd) (width 0.05))
    (fp_line (start 1.68 0.95) (end -1.68 0.95) (layer F.CrtYd) (width 0.05))
    (fp_text user %R (at 0 0 270) (layer F.Fab)
      (effects (font (size 0.5 0.5) (thickness 0.08)))
    )
    (pad 1 smd roundrect (at -0.9375 0 270) (size 0.975 1.4) (layers F.Cu F.Paste F.Mask) (roundrect_rratio 0.25)
      (net 36 SSD8))
    (pad 2 smd roundrect (at 0.9375 0 270) (size 0.975 1.4) (layers F.Cu F.Paste F.Mask) (roundrect_rratio 0.25)
      (net 37 "Net-(R8-Pad2)"))
    (model ${KISYS3DMOD}/Resistor_SMD.3dshapes/R_0805_2012Metric.wrl
      (at (xyz 0 0 0))
      (scale (xyz 1 1 1))
      (rotate (xyz 0 0 0))
    )
  )

  (module Battery:BatteryHolder_Keystone_104_1x23mm (layer B.Cu) (tedit 5787C34F) (tstamp 5C6E2BBA)
    (at 162.376 117.972 180)
    (descr http://www.keyelco.com/product-pdf.cfm?p=744)
    (tags "Keystone type 104 battery holder")
    (path /5C62F031)
    (fp_text reference BT1 (at 0 4 180) (layer B.SilkS)
      (effects (font (size 1 1) (thickness 0.15)) (justify mirror))
    )
    (fp_text value CR2032H (at 15 -14 180) (layer B.Fab)
      (effects (font (size 1 1) (thickness 0.15)) (justify mirror))
    )
    (fp_text user + (at 2.75 0 180) (layer B.SilkS)
      (effects (font (size 1.5 1.5) (thickness 0.15)) (justify mirror))
    )
    (fp_text user %R (at 0 0 180) (layer B.Fab)
      (effects (font (size 1 1) (thickness 0.15)) (justify mirror))
    )
    (fp_line (start -1.45 -1.8) (end -1.45 -3) (layer B.SilkS) (width 0.12))
    (fp_arc (start 15.2 0) (end 2.61 -3.6) (angle 164) (layer B.CrtYd) (width 0.05))
    (fp_arc (start 15.2 0) (end 2.61 3.6) (angle -164) (layer B.CrtYd) (width 0.05))
    (fp_arc (start 2.1 -3.8) (end 2.1 -3.25) (angle -70) (layer B.CrtYd) (width 0.05))
    (fp_arc (start 2.1 3.8) (end 2.1 3.25) (angle 70) (layer B.CrtYd) (width 0.05))
    (fp_arc (start 15.2 0) (end 2.85 -3.5) (angle 164.5) (layer B.SilkS) (width 0.12))
    (fp_arc (start 2.1 -3.8) (end 2.1 -3) (angle -70) (layer B.SilkS) (width 0.12))
    (fp_arc (start 15.2 0) (end 2.85 3.5) (angle -164.5) (layer B.SilkS) (width 0.12))
    (fp_arc (start 2.1 3.8) (end 2.1 3) (angle 70) (layer B.SilkS) (width 0.12))
    (fp_arc (start 2.15 -3.8) (end 2.15 -2.9) (angle -70) (layer B.Fab) (width 0.1))
    (fp_arc (start 15.2 0) (end 3 -3.5) (angle 164) (layer B.Fab) (width 0.1))
    (fp_arc (start 15.2 0) (end 3 3.5) (angle -164) (layer B.Fab) (width 0.1))
    (fp_arc (start 15.2 0) (end 3.72 -1.3) (angle 180) (layer B.Fab) (width 0.1))
    (fp_line (start -1.75 3.25) (end 2.15 3.25) (layer B.CrtYd) (width 0.05))
    (fp_line (start -1.75 -3.25) (end 2.15 -3.25) (layer B.CrtYd) (width 0.05))
    (fp_line (start -1.75 -3.25) (end -1.75 3.25) (layer B.CrtYd) (width 0.05))
    (fp_line (start -1.45 3) (end 2.15 3) (layer B.SilkS) (width 0.12))
    (fp_line (start -1.45 1.8) (end -1.45 3) (layer B.SilkS) (width 0.12))
    (fp_line (start -1.45 -3) (end 2.15 -3) (layer B.SilkS) (width 0.12))
    (fp_arc (start 15.2 0) (end 9 -1.3) (angle 170) (layer B.Fab) (width 0.1))
    (fp_arc (start 15.2 0) (end 13.3 -1.3) (angle 150) (layer B.Fab) (width 0.1))
    (fp_arc (start 15.2 0) (end 13.3 1.3) (angle -150) (layer B.Fab) (width 0.1))
    (fp_arc (start 15.2 0) (end 9 1.3) (angle -170) (layer B.Fab) (width 0.1))
    (fp_arc (start 15.2 0) (end 3.72 1.3) (angle -180) (layer B.Fab) (width 0.1))
    (fp_line (start 2.15 2.9) (end -0.9 2.9) (layer B.Fab) (width 0.1))
    (fp_line (start -0.9 -2.9) (end 2.15 -2.9) (layer B.Fab) (width 0.1))
    (fp_line (start -1.3 2.5) (end -1.3 -2.5) (layer B.Fab) (width 0.1))
    (fp_line (start 0 -1.3) (end 16.2 -1.3) (layer B.Fab) (width 0.1))
    (fp_line (start 16.2 1.3) (end 0 1.3) (layer B.Fab) (width 0.1))
    (fp_arc (start 2.15 3.8) (end 2.15 2.9) (angle 70) (layer B.Fab) (width 0.1))
    (fp_arc (start 16.2 0) (end 16.2 1.3) (angle -180) (layer B.Fab) (width 0.1))
    (fp_line (start 0 1.3) (end 0 -1.3) (layer B.Fab) (width 0.1))
    (fp_arc (start -0.9 -2.5) (end -1.3 -2.5) (angle 90) (layer B.Fab) (width 0.1))
    (fp_arc (start -0.9 2.5) (end -1.3 2.5) (angle -90) (layer B.Fab) (width 0.1))
    (fp_line (start 23.7 -7.85) (end 24.5 -8.61) (layer B.Fab) (width 0.1))
    (fp_line (start 23.7 7.85) (end 24.5 8.61) (layer B.Fab) (width 0.1))
    (pad 2 thru_hole circle (at 20.49 0 180) (size 3 3) (drill 1.5) (layers *.Cu *.Mask)
      (net 1 GND))
    (pad 1 thru_hole rect (at 0 0 180) (size 3 3) (drill 1.5) (layers *.Cu *.Mask)
      (net 2 "Net-(BT1-Pad1)"))
    (model ${KISYS3DMOD}/Battery.3dshapes/BatteryHolder_Keystone_104_1x23mm.wrl
      (at (xyz 0 0 0))
      (scale (xyz 1 1 1))
      (rotate (xyz 0 0 0))
    )
  )

  (module Capacitor_SMD:C_0805_2012Metric (layer B.Cu) (tedit 5B36C52B) (tstamp 5C6E5304)
    (at 155.264 70.6495 270)
    (descr "Capacitor SMD 0805 (2012 Metric), square (rectangular) end terminal, IPC_7351 nominal, (Body size source: https://docs.google.com/spreadsheets/d/1BsfQQcO9C6DZCsRaXUlFlo91Tg2WpOkGARC1WS5S8t0/edit?usp=sharing), generated with kicad-footprint-generator")
    (tags capacitor)
    (path /5C5D5AA4)
    (attr smd)
    (fp_text reference C1 (at -2.6495 0.064 270) (layer B.SilkS)
      (effects (font (size 1 1) (thickness 0.15)) (justify mirror))
    )
    (fp_text value 22pF (at 0 -1.65 270) (layer B.Fab)
      (effects (font (size 1 1) (thickness 0.15)) (justify mirror))
    )
    (fp_line (start -1 -0.6) (end -1 0.6) (layer B.Fab) (width 0.1))
    (fp_line (start -1 0.6) (end 1 0.6) (layer B.Fab) (width 0.1))
    (fp_line (start 1 0.6) (end 1 -0.6) (layer B.Fab) (width 0.1))
    (fp_line (start 1 -0.6) (end -1 -0.6) (layer B.Fab) (width 0.1))
    (fp_line (start -0.258578 0.71) (end 0.258578 0.71) (layer B.SilkS) (width 0.12))
    (fp_line (start -0.258578 -0.71) (end 0.258578 -0.71) (layer B.SilkS) (width 0.12))
    (fp_line (start -1.68 -0.95) (end -1.68 0.95) (layer B.CrtYd) (width 0.05))
    (fp_line (start -1.68 0.95) (end 1.68 0.95) (layer B.CrtYd) (width 0.05))
    (fp_line (start 1.68 0.95) (end 1.68 -0.95) (layer B.CrtYd) (width 0.05))
    (fp_line (start 1.68 -0.95) (end -1.68 -0.95) (layer B.CrtYd) (width 0.05))
    (fp_text user %R (at 0 0 270) (layer B.Fab)
      (effects (font (size 0.5 0.5) (thickness 0.08)) (justify mirror))
    )
    (pad 1 smd roundrect (at -0.9375 0 270) (size 0.975 1.4) (layers B.Cu B.Paste B.Mask) (roundrect_rratio 0.25)
      (net 3 "Net-(C1-Pad1)"))
    (pad 2 smd roundrect (at 0.9375 0 270) (size 0.975 1.4) (layers B.Cu B.Paste B.Mask) (roundrect_rratio 0.25)
      (net 1 GND))
    (model ${KISYS3DMOD}/Capacitor_SMD.3dshapes/C_0805_2012Metric.wrl
      (at (xyz 0 0 0))
      (scale (xyz 1 1 1))
      (rotate (xyz 0 0 0))
    )
  )

  (module Capacitor_SMD:C_0805_2012Metric (layer B.Cu) (tedit 5B36C52B) (tstamp 5C6E5334)
    (at 155.264 74.3625 90)
    (descr "Capacitor SMD 0805 (2012 Metric), square (rectangular) end terminal, IPC_7351 nominal, (Body size source: https://docs.google.com/spreadsheets/d/1BsfQQcO9C6DZCsRaXUlFlo91Tg2WpOkGARC1WS5S8t0/edit?usp=sharing), generated with kicad-footprint-generator")
    (tags capacitor)
    (path /5C5D5B0F)
    (attr smd)
    (fp_text reference C2 (at -2.8375 -0.064 90) (layer B.SilkS)
      (effects (font (size 1 1) (thickness 0.15)) (justify mirror))
    )
    (fp_text value 22pF (at 0 -1.65 90) (layer B.Fab)
      (effects (font (size 1 1) (thickness 0.15)) (justify mirror))
    )
    (fp_text user %R (at 0 0 90) (layer B.Fab)
      (effects (font (size 0.5 0.5) (thickness 0.08)) (justify mirror))
    )
    (fp_line (start 1.68 -0.95) (end -1.68 -0.95) (layer B.CrtYd) (width 0.05))
    (fp_line (start 1.68 0.95) (end 1.68 -0.95) (layer B.CrtYd) (width 0.05))
    (fp_line (start -1.68 0.95) (end 1.68 0.95) (layer B.CrtYd) (width 0.05))
    (fp_line (start -1.68 -0.95) (end -1.68 0.95) (layer B.CrtYd) (width 0.05))
    (fp_line (start -0.258578 -0.71) (end 0.258578 -0.71) (layer B.SilkS) (width 0.12))
    (fp_line (start -0.258578 0.71) (end 0.258578 0.71) (layer B.SilkS) (width 0.12))
    (fp_line (start 1 -0.6) (end -1 -0.6) (layer B.Fab) (width 0.1))
    (fp_line (start 1 0.6) (end 1 -0.6) (layer B.Fab) (width 0.1))
    (fp_line (start -1 0.6) (end 1 0.6) (layer B.Fab) (width 0.1))
    (fp_line (start -1 -0.6) (end -1 0.6) (layer B.Fab) (width 0.1))
    (pad 2 smd roundrect (at 0.9375 0 90) (size 0.975 1.4) (layers B.Cu B.Paste B.Mask) (roundrect_rratio 0.25)
      (net 1 GND))
    (pad 1 smd roundrect (at -0.9375 0 90) (size 0.975 1.4) (layers B.Cu B.Paste B.Mask) (roundrect_rratio 0.25)
      (net 4 "Net-(C2-Pad1)"))
    (model ${KISYS3DMOD}/Capacitor_SMD.3dshapes/C_0805_2012Metric.wrl
      (at (xyz 0 0 0))
      (scale (xyz 1 1 1))
      (rotate (xyz 0 0 0))
    )
  )

  (module Capacitor_SMD:CP_Elec_6.3x5.4 (layer B.Cu) (tedit 5BCA39D0) (tstamp 5C6E4404)
    (at 121.228 108.568 270)
    (descr "SMD capacitor, aluminum electrolytic, Panasonic C55, 6.3x5.4mm")
    (tags "capacitor electrolytic")
    (path /5C5E3276)
    (attr smd)
    (fp_text reference C3 (at 0 4.35 270) (layer B.SilkS)
      (effects (font (size 1 1) (thickness 0.15)) (justify mirror))
    )
    (fp_text value 100MFD (at 0 -4.35 270) (layer B.Fab)
      (effects (font (size 1 1) (thickness 0.15)) (justify mirror))
    )
    (fp_circle (center 0 0) (end 3.15 0) (layer B.Fab) (width 0.1))
    (fp_line (start 3.3 3.3) (end 3.3 -3.3) (layer B.Fab) (width 0.1))
    (fp_line (start -2.3 3.3) (end 3.3 3.3) (layer B.Fab) (width 0.1))
    (fp_line (start -2.3 -3.3) (end 3.3 -3.3) (layer B.Fab) (width 0.1))
    (fp_line (start -3.3 2.3) (end -3.3 -2.3) (layer B.Fab) (width 0.1))
    (fp_line (start -3.3 2.3) (end -2.3 3.3) (layer B.Fab) (width 0.1))
    (fp_line (start -3.3 -2.3) (end -2.3 -3.3) (layer B.Fab) (width 0.1))
    (fp_line (start -2.704838 1.33) (end -2.074838 1.33) (layer B.Fab) (width 0.1))
    (fp_line (start -2.389838 1.645) (end -2.389838 1.015) (layer B.Fab) (width 0.1))
    (fp_line (start 3.41 -3.41) (end 3.41 -1.06) (layer B.SilkS) (width 0.12))
    (fp_line (start 3.41 3.41) (end 3.41 1.06) (layer B.SilkS) (width 0.12))
    (fp_line (start -2.345563 3.41) (end 3.41 3.41) (layer B.SilkS) (width 0.12))
    (fp_line (start -2.345563 -3.41) (end 3.41 -3.41) (layer B.SilkS) (width 0.12))
    (fp_line (start -3.41 -2.345563) (end -3.41 -1.06) (layer B.SilkS) (width 0.12))
    (fp_line (start -3.41 2.345563) (end -3.41 1.06) (layer B.SilkS) (width 0.12))
    (fp_line (start -3.41 2.345563) (end -2.345563 3.41) (layer B.SilkS) (width 0.12))
    (fp_line (start -3.41 -2.345563) (end -2.345563 -3.41) (layer B.SilkS) (width 0.12))
    (fp_line (start -4.4375 1.8475) (end -3.65 1.8475) (layer B.SilkS) (width 0.12))
    (fp_line (start -4.04375 2.24125) (end -4.04375 1.45375) (layer B.SilkS) (width 0.12))
    (fp_line (start 3.55 3.55) (end 3.55 1.05) (layer B.CrtYd) (width 0.05))
    (fp_line (start 3.55 1.05) (end 4.8 1.05) (layer B.CrtYd) (width 0.05))
    (fp_line (start 4.8 1.05) (end 4.8 -1.05) (layer B.CrtYd) (width 0.05))
    (fp_line (start 4.8 -1.05) (end 3.55 -1.05) (layer B.CrtYd) (width 0.05))
    (fp_line (start 3.55 -1.05) (end 3.55 -3.55) (layer B.CrtYd) (width 0.05))
    (fp_line (start -2.4 -3.55) (end 3.55 -3.55) (layer B.CrtYd) (width 0.05))
    (fp_line (start -2.4 3.55) (end 3.55 3.55) (layer B.CrtYd) (width 0.05))
    (fp_line (start -3.55 -2.4) (end -2.4 -3.55) (layer B.CrtYd) (width 0.05))
    (fp_line (start -3.55 2.4) (end -2.4 3.55) (layer B.CrtYd) (width 0.05))
    (fp_line (start -3.55 2.4) (end -3.55 1.05) (layer B.CrtYd) (width 0.05))
    (fp_line (start -3.55 -1.05) (end -3.55 -2.4) (layer B.CrtYd) (width 0.05))
    (fp_line (start -3.55 1.05) (end -4.8 1.05) (layer B.CrtYd) (width 0.05))
    (fp_line (start -4.8 1.05) (end -4.8 -1.05) (layer B.CrtYd) (width 0.05))
    (fp_line (start -4.8 -1.05) (end -3.55 -1.05) (layer B.CrtYd) (width 0.05))
    (fp_text user %R (at 0 0 270) (layer B.Fab)
      (effects (font (size 1 1) (thickness 0.15)) (justify mirror))
    )
    (pad 1 smd roundrect (at -2.8 0 270) (size 3.5 1.6) (layers B.Cu B.Paste B.Mask) (roundrect_rratio 0.15625)
      (net 5 +24V))
    (pad 2 smd roundrect (at 2.8 0 270) (size 3.5 1.6) (layers B.Cu B.Paste B.Mask) (roundrect_rratio 0.15625)
      (net 1 GND))
    (model ${KISYS3DMOD}/Capacitor_SMD.3dshapes/CP_Elec_6.3x5.4.wrl
      (at (xyz 0 0 0))
      (scale (xyz 1 1 1))
      (rotate (xyz 0 0 0))
    )
  )

  (module Capacitor_SMD:C_0805_2012Metric (layer F.Cu) (tedit 5B36C52B) (tstamp 5C6E2C15)
    (at 119.6255 88.508 180)
    (descr "Capacitor SMD 0805 (2012 Metric), square (rectangular) end terminal, IPC_7351 nominal, (Body size source: https://docs.google.com/spreadsheets/d/1BsfQQcO9C6DZCsRaXUlFlo91Tg2WpOkGARC1WS5S8t0/edit?usp=sharing), generated with kicad-footprint-generator")
    (tags capacitor)
    (path /5C5EA80A)
    (attr smd)
    (fp_text reference C4 (at 0 -1.65 180) (layer F.SilkS)
      (effects (font (size 1 1) (thickness 0.15)))
    )
    (fp_text value 470pF (at 0 1.65 180) (layer F.Fab)
      (effects (font (size 1 1) (thickness 0.15)))
    )
    (fp_line (start -1 0.6) (end -1 -0.6) (layer F.Fab) (width 0.1))
    (fp_line (start -1 -0.6) (end 1 -0.6) (layer F.Fab) (width 0.1))
    (fp_line (start 1 -0.6) (end 1 0.6) (layer F.Fab) (width 0.1))
    (fp_line (start 1 0.6) (end -1 0.6) (layer F.Fab) (width 0.1))
    (fp_line (start -0.258578 -0.71) (end 0.258578 -0.71) (layer F.SilkS) (width 0.12))
    (fp_line (start -0.258578 0.71) (end 0.258578 0.71) (layer F.SilkS) (width 0.12))
    (fp_line (start -1.68 0.95) (end -1.68 -0.95) (layer F.CrtYd) (width 0.05))
    (fp_line (start -1.68 -0.95) (end 1.68 -0.95) (layer F.CrtYd) (width 0.05))
    (fp_line (start 1.68 -0.95) (end 1.68 0.95) (layer F.CrtYd) (width 0.05))
    (fp_line (start 1.68 0.95) (end -1.68 0.95) (layer F.CrtYd) (width 0.05))
    (fp_text user %R (at 0 0 180) (layer F.Fab)
      (effects (font (size 0.5 0.5) (thickness 0.08)))
    )
    (pad 1 smd roundrect (at -0.9375 0 180) (size 0.975 1.4) (layers F.Cu F.Paste F.Mask) (roundrect_rratio 0.25)
      (net 6 "Net-(C4-Pad1)"))
    (pad 2 smd roundrect (at 0.9375 0 180) (size 0.975 1.4) (layers F.Cu F.Paste F.Mask) (roundrect_rratio 0.25)
      (net 1 GND))
    (model ${KISYS3DMOD}/Capacitor_SMD.3dshapes/C_0805_2012Metric.wrl
      (at (xyz 0 0 0))
      (scale (xyz 1 1 1))
      (rotate (xyz 0 0 0))
    )
  )

  (module Capacitor_SMD:CP_Elec_10x10.5 (layer B.Cu) (tedit 5BCA39D1) (tstamp 5C6E2C3D)
    (at 130.88 103.612 270)
    (descr "SMD capacitor, aluminum electrolytic, Vishay 1010, 10.0x10.5mm, http://www.vishay.com/docs/28395/150crz.pdf")
    (tags "capacitor electrolytic")
    (path /5C5FE3A6)
    (attr smd)
    (fp_text reference C5 (at 0 6.3 270) (layer B.SilkS)
      (effects (font (size 1 1) (thickness 0.15)) (justify mirror))
    )
    (fp_text value 470MFD (at 0 -6.3 270) (layer B.Fab)
      (effects (font (size 1 1) (thickness 0.15)) (justify mirror))
    )
    (fp_circle (center 0 0) (end 5 0) (layer B.Fab) (width 0.1))
    (fp_line (start 5.25 5.25) (end 5.25 -5.25) (layer B.Fab) (width 0.1))
    (fp_line (start -4.25 5.25) (end 5.25 5.25) (layer B.Fab) (width 0.1))
    (fp_line (start -4.25 -5.25) (end 5.25 -5.25) (layer B.Fab) (width 0.1))
    (fp_line (start -5.25 4.25) (end -5.25 -4.25) (layer B.Fab) (width 0.1))
    (fp_line (start -5.25 4.25) (end -4.25 5.25) (layer B.Fab) (width 0.1))
    (fp_line (start -5.25 -4.25) (end -4.25 -5.25) (layer B.Fab) (width 0.1))
    (fp_line (start -4.558325 1.7) (end -3.558325 1.7) (layer B.Fab) (width 0.1))
    (fp_line (start -4.058325 2.2) (end -4.058325 1.2) (layer B.Fab) (width 0.1))
    (fp_line (start 5.36 -5.36) (end 5.36 -1.51) (layer B.SilkS) (width 0.12))
    (fp_line (start 5.36 5.36) (end 5.36 1.51) (layer B.SilkS) (width 0.12))
    (fp_line (start -4.295563 5.36) (end 5.36 5.36) (layer B.SilkS) (width 0.12))
    (fp_line (start -4.295563 -5.36) (end 5.36 -5.36) (layer B.SilkS) (width 0.12))
    (fp_line (start -5.36 -4.295563) (end -5.36 -1.51) (layer B.SilkS) (width 0.12))
    (fp_line (start -5.36 4.295563) (end -5.36 1.51) (layer B.SilkS) (width 0.12))
    (fp_line (start -5.36 4.295563) (end -4.295563 5.36) (layer B.SilkS) (width 0.12))
    (fp_line (start -5.36 -4.295563) (end -4.295563 -5.36) (layer B.SilkS) (width 0.12))
    (fp_line (start -6.85 2.76) (end -5.6 2.76) (layer B.SilkS) (width 0.12))
    (fp_line (start -6.225 3.385) (end -6.225 2.135) (layer B.SilkS) (width 0.12))
    (fp_line (start 5.5 5.5) (end 5.5 1.5) (layer B.CrtYd) (width 0.05))
    (fp_line (start 5.5 1.5) (end 6.65 1.5) (layer B.CrtYd) (width 0.05))
    (fp_line (start 6.65 1.5) (end 6.65 -1.5) (layer B.CrtYd) (width 0.05))
    (fp_line (start 6.65 -1.5) (end 5.5 -1.5) (layer B.CrtYd) (width 0.05))
    (fp_line (start 5.5 -1.5) (end 5.5 -5.5) (layer B.CrtYd) (width 0.05))
    (fp_line (start -4.35 -5.5) (end 5.5 -5.5) (layer B.CrtYd) (width 0.05))
    (fp_line (start -4.35 5.5) (end 5.5 5.5) (layer B.CrtYd) (width 0.05))
    (fp_line (start -5.5 -4.35) (end -4.35 -5.5) (layer B.CrtYd) (width 0.05))
    (fp_line (start -5.5 4.35) (end -4.35 5.5) (layer B.CrtYd) (width 0.05))
    (fp_line (start -5.5 4.35) (end -5.5 1.5) (layer B.CrtYd) (width 0.05))
    (fp_line (start -5.5 -1.5) (end -5.5 -4.35) (layer B.CrtYd) (width 0.05))
    (fp_line (start -5.5 1.5) (end -6.65 1.5) (layer B.CrtYd) (width 0.05))
    (fp_line (start -6.65 1.5) (end -6.65 -1.5) (layer B.CrtYd) (width 0.05))
    (fp_line (start -6.65 -1.5) (end -5.5 -1.5) (layer B.CrtYd) (width 0.05))
    (fp_text user %R (at 0 0 270) (layer B.Fab)
      (effects (font (size 1 1) (thickness 0.15)) (justify mirror))
    )
    (pad 1 smd roundrect (at -4.2 0 270) (size 4.4 2.5) (layers B.Cu B.Paste B.Mask) (roundrect_rratio 0.1)
      (net 7 +5V))
    (pad 2 smd roundrect (at 4.2 0 270) (size 4.4 2.5) (layers B.Cu B.Paste B.Mask) (roundrect_rratio 0.1)
      (net 1 GND))
    (model ${KISYS3DMOD}/Capacitor_SMD.3dshapes/CP_Elec_10x10.5.wrl
      (at (xyz 0 0 0))
      (scale (xyz 1 1 1))
      (rotate (xyz 0 0 0))
    )
  )

  (module Capacitor_SMD:C_0805_2012Metric (layer F.Cu) (tedit 5B36C52B) (tstamp 5C6E2C4E)
    (at 155.264 72.76 270)
    (descr "Capacitor SMD 0805 (2012 Metric), square (rectangular) end terminal, IPC_7351 nominal, (Body size source: https://docs.google.com/spreadsheets/d/1BsfQQcO9C6DZCsRaXUlFlo91Tg2WpOkGARC1WS5S8t0/edit?usp=sharing), generated with kicad-footprint-generator")
    (tags capacitor)
    (path /5C604CD9)
    (attr smd)
    (fp_text reference C6 (at 0.04 1.664 270) (layer F.SilkS)
      (effects (font (size 1 1) (thickness 0.15)))
    )
    (fp_text value 0.1MFD (at 0 1.65 270) (layer F.Fab)
      (effects (font (size 1 1) (thickness 0.15)))
    )
    (fp_line (start -1 0.6) (end -1 -0.6) (layer F.Fab) (width 0.1))
    (fp_line (start -1 -0.6) (end 1 -0.6) (layer F.Fab) (width 0.1))
    (fp_line (start 1 -0.6) (end 1 0.6) (layer F.Fab) (width 0.1))
    (fp_line (start 1 0.6) (end -1 0.6) (layer F.Fab) (width 0.1))
    (fp_line (start -0.258578 -0.71) (end 0.258578 -0.71) (layer F.SilkS) (width 0.12))
    (fp_line (start -0.258578 0.71) (end 0.258578 0.71) (layer F.SilkS) (width 0.12))
    (fp_line (start -1.68 0.95) (end -1.68 -0.95) (layer F.CrtYd) (width 0.05))
    (fp_line (start -1.68 -0.95) (end 1.68 -0.95) (layer F.CrtYd) (width 0.05))
    (fp_line (start 1.68 -0.95) (end 1.68 0.95) (layer F.CrtYd) (width 0.05))
    (fp_line (start 1.68 0.95) (end -1.68 0.95) (layer F.CrtYd) (width 0.05))
    (fp_text user %R (at 0 0 270) (layer F.Fab)
      (effects (font (size 0.5 0.5) (thickness 0.08)))
    )
    (pad 1 smd roundrect (at -0.9375 0 270) (size 0.975 1.4) (layers F.Cu F.Paste F.Mask) (roundrect_rratio 0.25)
      (net 7 +5V))
    (pad 2 smd roundrect (at 0.9375 0 270) (size 0.975 1.4) (layers F.Cu F.Paste F.Mask) (roundrect_rratio 0.25)
      (net 1 GND))
    (model ${KISYS3DMOD}/Capacitor_SMD.3dshapes/C_0805_2012Metric.wrl
      (at (xyz 0 0 0))
      (scale (xyz 1 1 1))
      (rotate (xyz 0 0 0))
    )
  )

  (module Capacitor_SMD:C_0805_2012Metric (layer B.Cu) (tedit 5B36C52B) (tstamp 5C6E2C5F)
    (at 141.04 72.76 90)
    (descr "Capacitor SMD 0805 (2012 Metric), square (rectangular) end terminal, IPC_7351 nominal, (Body size source: https://docs.google.com/spreadsheets/d/1BsfQQcO9C6DZCsRaXUlFlo91Tg2WpOkGARC1WS5S8t0/edit?usp=sharing), generated with kicad-footprint-generator")
    (tags capacitor)
    (path /5C60B57A)
    (attr smd)
    (fp_text reference C7 (at -0.04 -1.64 90) (layer B.SilkS)
      (effects (font (size 1 1) (thickness 0.15)) (justify mirror))
    )
    (fp_text value 0.1MFD (at 0 -1.65 90) (layer B.Fab)
      (effects (font (size 1 1) (thickness 0.15)) (justify mirror))
    )
    (fp_text user %R (at 0 0 90) (layer B.Fab)
      (effects (font (size 0.5 0.5) (thickness 0.08)) (justify mirror))
    )
    (fp_line (start 1.68 -0.95) (end -1.68 -0.95) (layer B.CrtYd) (width 0.05))
    (fp_line (start 1.68 0.95) (end 1.68 -0.95) (layer B.CrtYd) (width 0.05))
    (fp_line (start -1.68 0.95) (end 1.68 0.95) (layer B.CrtYd) (width 0.05))
    (fp_line (start -1.68 -0.95) (end -1.68 0.95) (layer B.CrtYd) (width 0.05))
    (fp_line (start -0.258578 -0.71) (end 0.258578 -0.71) (layer B.SilkS) (width 0.12))
    (fp_line (start -0.258578 0.71) (end 0.258578 0.71) (layer B.SilkS) (width 0.12))
    (fp_line (start 1 -0.6) (end -1 -0.6) (layer B.Fab) (width 0.1))
    (fp_line (start 1 0.6) (end 1 -0.6) (layer B.Fab) (width 0.1))
    (fp_line (start -1 0.6) (end 1 0.6) (layer B.Fab) (width 0.1))
    (fp_line (start -1 -0.6) (end -1 0.6) (layer B.Fab) (width 0.1))
    (pad 2 smd roundrect (at 0.9375 0 90) (size 0.975 1.4) (layers B.Cu B.Paste B.Mask) (roundrect_rratio 0.25)
      (net 1 GND))
    (pad 1 smd roundrect (at -0.9375 0 90) (size 0.975 1.4) (layers B.Cu B.Paste B.Mask) (roundrect_rratio 0.25)
      (net 7 +5V))
    (model ${KISYS3DMOD}/Capacitor_SMD.3dshapes/C_0805_2012Metric.wrl
      (at (xyz 0 0 0))
      (scale (xyz 1 1 1))
      (rotate (xyz 0 0 0))
    )
  )

  (module Capacitor_SMD:C_0805_2012Metric (layer F.Cu) (tedit 5B36C52B) (tstamp 5C6E2C70)
    (at 157.296 88.0785 270)
    (descr "Capacitor SMD 0805 (2012 Metric), square (rectangular) end terminal, IPC_7351 nominal, (Body size source: https://docs.google.com/spreadsheets/d/1BsfQQcO9C6DZCsRaXUlFlo91Tg2WpOkGARC1WS5S8t0/edit?usp=sharing), generated with kicad-footprint-generator")
    (tags capacitor)
    (path /5C60D91E)
    (attr smd)
    (fp_text reference C8 (at -2.8785 -0.104 270) (layer F.SilkS)
      (effects (font (size 1 1) (thickness 0.15)))
    )
    (fp_text value 0.1MFD (at 0 1.65 270) (layer F.Fab)
      (effects (font (size 1 1) (thickness 0.15)))
    )
    (fp_text user %R (at 0 0 270) (layer F.Fab)
      (effects (font (size 0.5 0.5) (thickness 0.08)))
    )
    (fp_line (start 1.68 0.95) (end -1.68 0.95) (layer F.CrtYd) (width 0.05))
    (fp_line (start 1.68 -0.95) (end 1.68 0.95) (layer F.CrtYd) (width 0.05))
    (fp_line (start -1.68 -0.95) (end 1.68 -0.95) (layer F.CrtYd) (width 0.05))
    (fp_line (start -1.68 0.95) (end -1.68 -0.95) (layer F.CrtYd) (width 0.05))
    (fp_line (start -0.258578 0.71) (end 0.258578 0.71) (layer F.SilkS) (width 0.12))
    (fp_line (start -0.258578 -0.71) (end 0.258578 -0.71) (layer F.SilkS) (width 0.12))
    (fp_line (start 1 0.6) (end -1 0.6) (layer F.Fab) (width 0.1))
    (fp_line (start 1 -0.6) (end 1 0.6) (layer F.Fab) (width 0.1))
    (fp_line (start -1 -0.6) (end 1 -0.6) (layer F.Fab) (width 0.1))
    (fp_line (start -1 0.6) (end -1 -0.6) (layer F.Fab) (width 0.1))
    (pad 2 smd roundrect (at 0.9375 0 270) (size 0.975 1.4) (layers F.Cu F.Paste F.Mask) (roundrect_rratio 0.25)
      (net 1 GND))
    (pad 1 smd roundrect (at -0.9375 0 270) (size 0.975 1.4) (layers F.Cu F.Paste F.Mask) (roundrect_rratio 0.25)
      (net 7 +5V))
    (model ${KISYS3DMOD}/Capacitor_SMD.3dshapes/C_0805_2012Metric.wrl
      (at (xyz 0 0 0))
      (scale (xyz 1 1 1))
      (rotate (xyz 0 0 0))
    )
  )

  (module Diode_SMD:D_SMA (layer F.Cu) (tedit 586432E5) (tstamp 5C6E2C88)
    (at 126.848 86.984)
    (descr "Diode SMA (DO-214AC)")
    (tags "Diode SMA (DO-214AC)")
    (path /5C5F1559)
    (attr smd)
    (fp_text reference D1 (at 0 -2.5) (layer F.SilkS)
      (effects (font (size 1 1) (thickness 0.15)))
    )
    (fp_text value SS14 (at 0 2.6) (layer F.Fab)
      (effects (font (size 1 1) (thickness 0.15)))
    )
    (fp_text user %R (at 0 -2.5) (layer F.Fab)
      (effects (font (size 1 1) (thickness 0.15)))
    )
    (fp_line (start -3.4 -1.65) (end -3.4 1.65) (layer F.SilkS) (width 0.12))
    (fp_line (start 2.3 1.5) (end -2.3 1.5) (layer F.Fab) (width 0.1))
    (fp_line (start -2.3 1.5) (end -2.3 -1.5) (layer F.Fab) (width 0.1))
    (fp_line (start 2.3 -1.5) (end 2.3 1.5) (layer F.Fab) (width 0.1))
    (fp_line (start 2.3 -1.5) (end -2.3 -1.5) (layer F.Fab) (width 0.1))
    (fp_line (start -3.5 -1.75) (end 3.5 -1.75) (layer F.CrtYd) (width 0.05))
    (fp_line (start 3.5 -1.75) (end 3.5 1.75) (layer F.CrtYd) (width 0.05))
    (fp_line (start 3.5 1.75) (end -3.5 1.75) (layer F.CrtYd) (width 0.05))
    (fp_line (start -3.5 1.75) (end -3.5 -1.75) (layer F.CrtYd) (width 0.05))
